	Daewook.1	Daewook.10	Daewook.11	Daewook.12	Daewook.13	Daewook.14	Daewook.15	Daewook.16	Daewook.17	Daewook.18	Daewook.19	Daewook.2	Daewook.20	Daewook.21	Daewook.22	Daewook.23	Daewook.24	Daewook.25	Daewook.26	Daewook.27	Daewook.28	Daewook.29	Daewook.3	Daewook.30	Daewook.31	Daewook.32	Daewook.33	Daewook.34	Daewook.35	Daewook.36	Daewook.37	Daewook.38	Daewook.39	Daewook.4	Daewook.40	Daewook.42	Daewook.43	Daewook.44	Daewook.45	Daewook.46	Daewook.47	Daewook.48	Daewook.5	Daewook.51	Daewook.52	Daewook.53	Daewook.54	Daewook.55	Daewook.56	Daewook.57	Daewook.58	Daewook.59	Daewook.6	Daewook.60	Daewook.61	Daewook.62	Daewook.63	Daewook.64	Daewook.65	Daewook.68	Daewook.7	Daewook.72	Daewook.73	Daewook.74	Daewook.76	Daewook.77	Daewook.78	Daewook.79	Daewook.8	Daewook.80	Daewook.81	Daewook.82	Daewook.83	Daewook.9	stool.ASD.1.1	stool.ASD.12.1	stool.ASD.14.2	stool.ASD.19.1	stool.ASD.22.2	stool.ASD.24.1	stool.ASD.25.2	stool.ASD.3.1A	stool.ASD.4.1	stool.ASD.6.2	stool.ASD.7.2	stool.ASD.8.1	stool.control.13S.1B	stool.control.15S.2	stool.control.18S.1	stool.control.26S.1	stool.control.28S.2	stool.control.29C.1	stool.control.31C.2	stool.control.34C.1	stool.control.35C.1A	stool.control.36C.1	stool.control.37C.1	stool.control.38C.2A	stool.ASD.27.4	stool.control.30C.4	stool.control.32C.2.run2	stool.control.39C.3	stool.control.40C.4
Daewook.1	0.0	0.26141045440509797	0.35491045650739084	0.3871245153532228	0.29928352856005347	0.23056340126860553	0.24825675294269606	0.17982581931850164	0.2647166094155474	0.47871926004367615	0.4321632499073003	0.21662572559224066	0.2786447501856442	0.28137820059662666	0.18483672857622102	0.21922374218621787	0.2069061201942573	0.21112592660980625	0.3509396343822111	0.34427336123752117	0.29944026793672224	0.2596612629672244	0.2344726018746464	0.3985440725596984	0.38497117819601645	0.3822342639449395	0.23324259020299307	0.17629656441377956	0.337137878411108	0.23133773103071117	0.4292659472071266	0.3524570172810114	0.25872748719032823	0.20556410800681862	0.3245667287432352	0.21681977283332726	0.29874883189987766	0.1647476151666546	0.3268412054685895	0.22450427293149558	0.2620700996564958	0.2818856460697852	0.36396962798459404	0.2904464514322426	0.17435303251220177	0.19587735144993002	0.2750610769955371	0.29333747054737186	0.23521911261040526	0.1897935477771104	0.2027596120527037	0.18776149610282972	0.3511250213785835	0.31675096226875993	0.3230801394322448	0.25121055198331027	0.3105179436311382	0.2054212349869699	0.35446597105320604	0.30799019116417925	0.27794340690765296	0.2601567481001777	0.2843392000006781	0.2070515694089623	0.3948828515920281	0.3714839565317049	0.22363094203385753	0.17332518418633822	0.2390206385136536	0.2132823380436603	0.40304662144958786	0.32365463024893776	0.2160521701300557	0.2533696465998612	0.2371741189345509	0.1836517987237703	0.22203641133143848	0.26022847313100106	0.2694330412282506	0.2064214513576583	0.2252819597447502	0.3393718831023377	0.2606384725472535	0.24872955428889854	0.2509198306315699	0.38832483933918865	0.20851763138348084	0.372489577056034	0.1579748017397618	0.20751297839089441	0.24703270877226813	0.18925675352494276	0.20481646971345543	0.29814480874036237	0.18898083332626142	0.3386626850203174	0.29035687784110126	0.19114921428597972	0.2140046372729704	0.40301221928991926	0.21619903164939844	0.35618227695238536	0.3741867882316655
Daewook.10	0.26141045440509797	0.0	0.2646080399690528	0.29100227085574226	0.3580382511848977	0.24571864681074376	0.24829173746806918	0.27808261371476084	0.21787011076502938	0.4823999380553463	0.31145977740807074	0.27636205056454394	0.1855802277007459	0.22616287673680505	0.25454547169500863	0.2835358783986125	0.29864825923776256	0.2829110959435166	0.40280312257302275	0.42864752341749357	0.3998092776984033	0.3147752660964151	0.2695006625641563	0.44583114449382205	0.29102420362253684	0.32898417565759336	0.32660204100861	0.21193338680505625	0.4453776414474951	0.26745997230815566	0.32273797769464485	0.29749640927158943	0.32596484384017865	0.1891609497262404	0.39417169279373904	0.21533977418791114	0.21101054451578752	0.2680864985234584	0.18846625831402894	0.2723006863301298	0.21490728476380042	0.2849965069100196	0.31703039179601894	0.17196600851204907	0.22917833032267385	0.19427228067556493	0.337608296031411	0.43804353667466667	0.29904308458351353	0.2118172923781311	0.26841845414984206	0.2226429263698828	0.2736081650699738	0.383673619285722	0.2789420773799866	0.32902294464910464	0.42428496872803984	0.2661969477734422	0.44787876664562226	0.22027281058259024	0.20114604249873827	0.3579582146479446	0.35015575588032216	0.21754450774962206	0.481213696920632	0.24690187254903734	0.333289471329853	0.2350233682573162	0.1669506732002898	0.2664538592753787	0.3283758374714195	0.3747078756267662	0.26749099244567187	0.11765357017624722	0.2890564786394758	0.24472147097956837	0.239174025275869	0.3336477078551599	0.28755542811426554	0.2488302972190184	0.29704195503592706	0.3987298587615501	0.23705415065267596	0.24076285158665572	0.33912778129516274	0.4709866656509359	0.3191568841643108	0.48576668544226964	0.2537579842432849	0.254256137870727	0.23605213392835486	0.2585433114858809	0.20971718914583043	0.39728809207729876	0.25171799217532786	0.30881959778201934	0.12327482927724757	0.26978993371154525	0.30310129549655673	0.32783180948308777	0.29443841416378036	0.3237269840629193	0.34878676971371936
Daewook.11	0.35491045650739084	0.2646080399690528	0.0	0.1648863161227824	0.3257607176499981	0.1805856247217525	0.3898562541196968	0.26542298841478823	0.32001457487094837	0.4314774280826151	0.1624142373826164	0.3148784315679196	0.21420677674640287	0.17773871481096293	0.3509843450226739	0.2790638240390725	0.3554528777060698	0.2866146328690844	0.40437498079019824	0.43282921126666296	0.44052024718756133	0.351888182841792	0.31865554866301365	0.4478600619640408	0.1388598318150945	0.28495912774459986	0.399513360832983	0.29637563868764216	0.3594348537670835	0.2591892396270873	0.36946587694084304	0.1368652882305924	0.42833578688148966	0.24781610006093438	0.4504612459784895	0.3226914729616142	0.2900687088156135	0.35551306374557573	0.19487168264817345	0.37927315517292615	0.3320368550344405	0.44741031939138787	0.3086460492304036	0.2740255043471988	0.29720441374988654	0.32843143520318274	0.33953147620330265	0.42134763142803633	0.41470975502248963	0.32871582115270165	0.3837268052529474	0.3301089642265243	0.1835770199719768	0.422937739517066	0.29193072982417284	0.44867140817835943	0.48332204114350735	0.35514950865514094	0.5306316048515998	0.3550344451592185	0.22381434848997359	0.4705142192899599	0.4315397393279999	0.4051662932128052	0.5414426516910256	0.14556114008536417	0.3858066881122616	0.2744011824714962	0.25514979146443095	0.3201786331780322	0.321604527164982	0.4413240031115836	0.3370051825743341	0.2542047404755703	0.40659013467866767	0.40910743037271224	0.31343194663404705	0.44544459693738647	0.4288989372326916	0.36295314063497985	0.3538676394648891	0.5135927524843894	0.354697283812983	0.40226308062083277	0.42525253608982344	0.543112120293033	0.406231834405466	0.5291380682478523	0.3048162846186484	0.3781595416060687	0.2881185624728956	0.3650248553593969	0.3352622495795743	0.4906252528691643	0.33130555028529035	0.43393605750534414	0.22744868070218152	0.3979137489191273	0.4124886872392685	0.47525741338467475	0.42511292297049524	0.43547373776635684	0.473704516982791
Daewook.12	0.3871245153532228	0.29100227085574226	0.1648863161227824	0.0	0.3328100404736367	0.21328124699014997	0.40039875096920435	0.29422229953786727	0.34870567942424674	0.351991179959594	0.2607434897437217	0.36066961757242394	0.30734128803788346	0.20418923740147035	0.37167065123282694	0.3123096592791551	0.39160077274270877	0.3292681937642147	0.40055191047804245	0.4741638769680353	0.49310800105937636	0.38217800274979635	0.3307908459546597	0.4567528328266937	0.23698874603161313	0.3397112590970778	0.4192730522920916	0.32637020907277137	0.37633328988708836	0.2767110420956167	0.38762814570048737	0.1548767060987798	0.4279037043224199	0.2688146764856666	0.4892536113828701	0.3511034692418374	0.31911440156538684	0.380076229999799	0.2647931629332512	0.3766595028873325	0.35171793057875517	0.4584995551476473	0.3217678703693926	0.309355824917666	0.3053587296733354	0.32708696320377695	0.3531084723300479	0.44539452110200833	0.43359175352015267	0.326303130199515	0.39722288166600606	0.3407147461210952	0.17813431167415808	0.46178365947341804	0.3077302783546018	0.4557140112145085	0.5184932167023308	0.37186180586995915	0.5430890472354061	0.3934957846355698	0.2709813632379174	0.4872248334075287	0.4645559397108687	0.4114215583945432	0.5702358426997304	0.22406689705376812	0.42844556162733927	0.30085735143003467	0.28193585416852956	0.361674374088689	0.3474689839612593	0.4724915961232167	0.3651938041310543	0.2747978186574479	0.4194665608674037	0.42246293492347126	0.33857824107731066	0.468802097411432	0.4297281644952534	0.38773348065697005	0.3971456248801893	0.5062597752529436	0.36698376602859345	0.42997276537541484	0.4316080796566639	0.5857259092098387	0.43628262307335147	0.5643122016781934	0.3307406696291682	0.3903886859164301	0.3170964303609593	0.3522587310509514	0.3469583088619534	0.49958076546231317	0.36904206358961034	0.45406188596489205	0.26549944311082085	0.4179923110371627	0.42213677132595495	0.48882866060666735	0.4181169964441865	0.45717155161865436	0.48648604954947494
Daewook.13	0.29928352856005347	0.3580382511848977	0.3257607176499981	0.3328100404736367	0.0	0.3031877317831939	0.3775116360959797	0.208840207610258	0.3906379895953964	0.458925220513718	0.42686199018628807	0.1555910337701519	0.36835491003412146	0.28940826668479314	0.21242224423095793	0.2612058853607378	0.2180979588207376	0.3043139364561887	0.45103199219848317	0.186570119848096	0.2154319637361949	0.2721553825487348	0.33101612031448474	0.43367761030367435	0.4067895174905829	0.45450500243469133	0.22365588416121923	0.2406899526649972	0.18773655132507525	0.29461233800083003	0.5000308923977935	0.29941536216554177	0.3297556538790106	0.29687293248547214	0.2294095268370854	0.34591564558706717	0.3681406938265941	0.34254426943936567	0.36379220726929806	0.1678957193633933	0.3922278245786409	0.40254810018071746	0.43812260333291897	0.33424273894486917	0.23650900983665832	0.25081173902178105	0.17729537465139475	0.29600547780797404	0.21169605437624964	0.21105947863422958	0.20534523554227432	0.27952674192620414	0.32802465401362874	0.17648411010642295	0.4303887698215433	0.21079404457700635	0.2445874074865087	0.22298960862589767	0.2729996443276762	0.4284225381492623	0.3108740250314284	0.22390965141561467	0.20060111623256216	0.29115576860014436	0.29162878415319	0.3695364655145124	0.23614912078958006	0.18938766381605296	0.35282173336971123	0.21177654364439377	0.44880426184547584	0.2130063875534797	0.21871020704096067	0.30352153026731904	0.28488260599457477	0.285375591517616	0.3125305692531813	0.24929207496915307	0.33687928235586556	0.21588148852403413	0.1702792475319523	0.27191850377664295	0.38078149612238726	0.3964790787376481	0.31431714308308645	0.30090719403510374	0.26209347482571127	0.2830471704060563	0.2324513695043789	0.20499006027391173	0.2970283893308657	0.29410929866625524	0.30743098812340586	0.23657805236178417	0.22839884474114588	0.40605943211156437	0.3397402285296781	0.26877952282329215	0.19859738427606174	0.4773770864913502	0.24233325984840748	0.4321719928901011	0.4576866558276528
Daewook.14	0.23056340126860553	0.24571864681074376	0.1805856247217525	0.21328124699014997	0.3031877317831939	0.0	0.29097363236777074	0.18155025270834765	0.27947480613710163	0.4537961811971465	0.2458958717701123	0.22304734244096747	0.234603959960236	0.15218328010745721	0.2633620912891203	0.1882974111796804	0.26278213198043626	0.19508694505737192	0.34759055465062605	0.37836744774528747	0.34934380530832193	0.28682739247304145	0.26617789580701406	0.4071338837612255	0.20206539607770843	0.3201990114147599	0.31028204804491966	0.20499653173055513	0.34295940838770683	0.200218735626248	0.4076665664107319	0.19610148276878378	0.32707075793948315	0.18634436046645422	0.3732697160732209	0.22709145435782077	0.2649715979935032	0.2513924542638169	0.22643703766091264	0.28224179006427147	0.2949757867107238	0.34238608121402286	0.3096121216156067	0.26176124763936864	0.21282366616867984	0.22186893940771069	0.2588737886931716	0.36481829511793384	0.32305754823085353	0.22678026578481184	0.2850094756448809	0.2235439435779483	0.23704211633565858	0.35733199063372173	0.3238201904342685	0.34257526242828995	0.3919847844263506	0.2635248582354779	0.4359317866933984	0.337145864711501	0.2291797020920014	0.36925052727447183	0.33999811411476366	0.2947064283374853	0.4501256299654876	0.1890560123175308	0.29958734740105525	0.21122629163971837	0.2351545418948131	0.24038711720271247	0.3406376835085381	0.3732364154849854	0.2595715246818104	0.21181010357850455	0.31045055195096066	0.2888965501768846	0.22514918443850054	0.3497248882831713	0.3258083755202795	0.2586735996020285	0.27385866396556463	0.40995431389694154	0.27915746571212435	0.29834415612482895	0.32576888466216686	0.45859369455956817	0.30100160271723325	0.43182640899459923	0.1892356018468641	0.26786566372558474	0.21907450457773148	0.2584168354762979	0.2366652449751231	0.38900742301904717	0.24282578667914698	0.34959263986700756	0.21078448755953616	0.28472553987617744	0.3058854564355701	0.4073344281325975	0.32387128034795687	0.36770321225263813	0.39769466040212903
Daewook.15	0.24825675294269606	0.24829173746806918	0.3898562541196968	0.40039875096920435	0.3775116360959797	0.29097363236777074	0.0	0.3053739224294803	0.23879898612915557	0.4727672855379189	0.45396974814910995	0.2961056931477366	0.28527041418796845	0.3135281454559541	0.2505950742537753	0.30004651365706986	0.282183169331979	0.2990943633127068	0.4209689172128192	0.41267765749224417	0.37374012696965075	0.29988618287893665	0.22432285886066827	0.45772331991415305	0.4214724776742761	0.4016881309329047	0.2662019277196201	0.23310615968529375	0.41810452687746286	0.29341309620628186	0.3689440886604457	0.38344043861251986	0.23557026369636178	0.24959265914187817	0.36569031908037936	0.24235883041207873	0.272883612897507	0.25584015531696935	0.34078644517322676	0.26165191950485156	0.22883520587854705	0.28038086579821236	0.37478318648440107	0.2295382439973801	0.22023666951004447	0.21484309128175574	0.36637883377971164	0.42726115700791545	0.2386405991371566	0.2350007629386247	0.23339767150675486	0.20151031917546075	0.39183833105318355	0.3625442027749324	0.3855173358766996	0.29569648405113136	0.3560532003384565	0.2285546780806962	0.3822843926004548	0.24655037933459184	0.2801529048957809	0.28207722142018254	0.3228454729606127	0.2300705433416917	0.44346821506086825	0.39828747023440847	0.2742766246848011	0.26402485447107144	0.3192812786638826	0.28834996868847573	0.40188734125018244	0.34760465419165554	0.25176237806050633	0.2198353062452337	0.22023429214270815	0.2535276692229435	0.16437058883268343	0.21842071318244266	0.29063680762175154	0.2760735553967169	0.2837150460211498	0.3388001670688589	0.20387850487049713	0.21581682608669894	0.26170105025018375	0.4326523635060635	0.2971871754025323	0.4441708568345856	0.25288990265792466	0.24234437958136804	0.24958385781235032	0.22822831651418304	0.1966434200095805	0.3678824940426947	0.24338006494880685	0.33312572652003564	0.29192202524767225	0.2509010052073496	0.2744334484797524	0.3545690778067593	0.23973138688440498	0.3442226719511863	0.2832341913645898
Daewook.16	0.17982581931850164	0.27808261371476084	0.26542298841478823	0.29422229953786727	0.208840207610258	0.18155025270834765	0.3053739224294803	0.0	0.30388986975618937	0.46059331278352433	0.3488805985774494	0.14026971823494208	0.24314465454375514	0.18530566071480542	0.16080041112388527	0.12047566883477524	0.16377561165156093	0.190331844095099	0.3375607573346673	0.2752274723636012	0.24831836170204646	0.20304382961601994	0.2564824143739674	0.3658466603868488	0.3094435177033386	0.3110718034416763	0.20538072911847072	0.14505973277848175	0.2322540712818404	0.18591636753632468	0.4068518327166118	0.28582289242685166	0.24349617499179127	0.181305307601771	0.2850789838453686	0.2227766679220913	0.25845369454057415	0.21121081537183045	0.24653407051501103	0.19250137958302627	0.300246104102964	0.32980265765407774	0.3073329924237918	0.2702660747903579	0.15062517682141424	0.18591435230778447	0.18000911271877054	0.2610586954888619	0.2254773113066187	0.14360526996953293	0.1920409839263798	0.1914017732478815	0.2643061659033222	0.2641595135564534	0.3185607844827402	0.24781122033726563	0.28495482960798696	0.18020653534658815	0.3351092243682829	0.34799665241769273	0.23142901615549585	0.2742831830884678	0.24527352067792788	0.2268433423689983	0.36186902872936155	0.2785853854447418	0.19157419515698046	0.1451631142534179	0.2651238978299736	0.14633240441974033	0.3664154389172432	0.28844211900900424	0.18802660596841766	0.22720401008724941	0.23491115658868073	0.20793372952550826	0.22472922628444642	0.25964991256929665	0.2781028295485417	0.1884789491861277	0.18298214810365016	0.3249495941735987	0.2865535394970515	0.30504481880324813	0.2445598134896277	0.3532304947545203	0.21731406009921359	0.34030385955100073	0.11783898942173068	0.17554464875960793	0.19844665604700307	0.20021144015213954	0.22510911177044876	0.29136548823020914	0.16039868676873106	0.3505586037270761	0.24995209911979568	0.19290334606360357	0.21986238439468797	0.4231008797855192	0.23286801692933148	0.37220012613865516	0.4055487379475769
Daewook.17	0.2647166094155474	0.21787011076502938	0.32001457487094837	0.34870567942424674	0.3906379895953964	0.27947480613710163	0.23879898612915557	0.30388986975618937	0.0	0.45135123501788676	0.36891997777591606	0.30650781135050764	0.21939619628939527	0.26551787411692757	0.28683367899627105	0.296276394158467	0.2814041296134114	0.2984553865211271	0.38014853166131346	0.4075631889649363	0.38670506280320854	0.30414767950345745	0.2235842479580788	0.4416745776758105	0.357610011722006	0.32556782027990316	0.3208230298339384	0.24715334241094694	0.42919820638474493	0.28155512596932236	0.30803813646147216	0.3471099208738735	0.27539953066584655	0.2141836868224329	0.3851289824900054	0.2534554009042657	0.2436814849746972	0.26369094071602006	0.2791335027990953	0.3099117727658292	0.19619238060728564	0.3200784393972738	0.3075393656953192	0.2712148821798228	0.24287035866421988	0.2669433200241301	0.3810189525124695	0.4387806316479435	0.2887853179457885	0.25684400795634327	0.27054617765747757	0.23191892427377025	0.3062195663938269	0.37103534739175836	0.30780998237976454	0.3129682148125968	0.4000447800512476	0.2768368537591596	0.43593163642621924	0.2538329589163011	0.22886095803662396	0.30195855548000705	0.3353029120602236	0.27326096303721537	0.4613016500913575	0.3207606253296903	0.2712579138815776	0.2549454860341485	0.24225251199788714	0.29608574110512415	0.36468929092256785	0.37467330558906087	0.2705392396935728	0.20925591037185404	0.25716612429918717	0.28505982751265824	0.1797468455205398	0.3526138030467269	0.3539806406638048	0.2921800261187849	0.29612961667991444	0.39124774630694636	0.15721902465568316	0.24179716096651224	0.24468153743657006	0.4967722500289991	0.2812730010575768	0.48833494981394027	0.26528876716107447	0.2854578856011016	0.2426546835200165	0.26395155233958867	0.19460821782372145	0.3762645293977705	0.2374915222127263	0.3493573800082827	0.24106959461207952	0.2953181841822863	0.2806335467081196	0.3751030817338909	0.24903796282981697	0.35696461410737584	0.3922974661413686
Daewook.18	0.47871926004367615	0.4823999380553463	0.4314774280826151	0.351991179959594	0.458925220513718	0.4537961811971465	0.4727672855379189	0.46059331278352433	0.45135123501788676	0.0	0.5230282254276016	0.4888436947516845	0.4814191017744152	0.42719183173790254	0.4748139424606638	0.4660672535402782	0.5032124927353191	0.4638164129086427	0.49125373760423735	0.5568510133403268	0.5712288189306441	0.4832135161515373	0.4250743707206398	0.5418477340257462	0.48807799718320843	0.4883596941972384	0.48824635765185737	0.4712817868080078	0.44941421529043674	0.403431774674616	0.5399473534801301	0.36516929257457437	0.5103301490778935	0.42723740139404165	0.5648124868571531	0.4627986980645453	0.45966392512338444	0.4941362561201075	0.49757339133772976	0.5061997468123695	0.46789652020662414	0.5293177857077952	0.48068618457752854	0.4705029174414546	0.42870790683980553	0.48211686127707415	0.5154654511038973	0.5027329088425128	0.4983798440525485	0.4738517503293358	0.4877710339689905	0.4426490979533826	0.40342092423222314	0.5392242766085815	0.4764470674614306	0.5302601100459431	0.5791086101475778	0.4506090854602715	0.5967818394481125	0.5141523184055157	0.4338620743440089	0.5451401189360714	0.5518164060300706	0.496790117054899	0.6194280961366735	0.47816630124362014	0.5050475205917958	0.41507326337492484	0.4680020457722565	0.5002500255016961	0.4750773481794097	0.5382318079631745	0.4455647646034403	0.43985098145495827	0.48344873396101956	0.5089715584053277	0.430020366707174	0.5415298558657752	0.5176556986089362	0.48407173157522376	0.49117978024394676	0.5814819955600438	0.44272718369847947	0.4800161058751077	0.49068467508782493	0.6156475188095776	0.521143012316178	0.6269287592810506	0.4486568061979273	0.5052021584647527	0.4383659224182848	0.5046982438166203	0.4398129670365555	0.5682889837659095	0.46388060066812625	0.5217050218315187	0.47131957036854133	0.5016336090982727	0.49512438162226013	0.5634722282374116	0.5035317377998014	0.5105301554683099	0.5548569663539243
Daewook.19	0.4321632499073003	0.31145977740807074	0.1624142373826164	0.2607434897437217	0.42686199018628807	0.2458958717701123	0.45396974814910995	0.3488805985774494	0.36891997777591606	0.5230282254276016	0.0	0.3954301303201607	0.23086052441057647	0.22732573081987661	0.43637109854391026	0.28376222465854556	0.39177745549641246	0.3621012456902252	0.38340647804256167	0.5020830157276699	0.5130774009824219	0.34310695202761493	0.41012681915940097	0.48912980026875663	0.1808660296023453	0.2813609931496472	0.4650023364112736	0.361201930880154	0.44020660069197665	0.36566975505617466	0.3957870026265419	0.21517849706454695	0.5002441195230964	0.3047459352047641	0.5051395639141654	0.38408398083438255	0.2764241034734252	0.4186908357086665	0.19103513185404147	0.43984470989726937	0.4055747300973018	0.49929654471135476	0.3114007435602077	0.3167943048529021	0.3721325945379493	0.37499261101054693	0.3815517484518636	0.5164459694833243	0.47443136295446137	0.38412501053323583	0.440313260040083	0.3837546628173745	0.22868197874484208	0.4669655629498731	0.30908049141681015	0.5060240576791314	0.5578458494228634	0.40359339774145075	0.5852103129345781	0.38534662843824863	0.30160096002279324	0.5300489852673174	0.458567893071595	0.4618329240968485	0.5904232041083604	0.13465897571582644	0.4722511671727937	0.3652611283958279	0.29367429065432515	0.34865580286918135	0.3702728053485617	0.503433247908156	0.3880787230126518	0.2995570486185671	0.4567357110554389	0.4664286210642592	0.3625642717282178	0.5186387059534969	0.4874733051716611	0.41443639077927197	0.39810486175971627	0.5667928933631344	0.4092118179541118	0.465328946329857	0.47464724748584874	0.6251569423336464	0.47665524341112925	0.603031286652596	0.37561791358757485	0.4336527810441957	0.27833514511812646	0.4200724885052042	0.3857391677604218	0.5456688998967388	0.3747090565652555	0.4929779410668825	0.2794283852329178	0.4672070547326709	0.47006194285453007	0.5228701774194273	0.4821623010010263	0.5008145918932794	0.5256051489769156
Daewook.2	0.21662572559224066	0.27636205056454394	0.3148784315679196	0.36066961757242394	0.1555910337701519	0.22304734244096747	0.2961056931477366	0.14026971823494208	0.30650781135050764	0.4888436947516845	0.3954301303201607	0.0	0.2718346818572172	0.25035896914306716	0.13386721508136193	0.18391532315395917	0.16044639320709228	0.24495501663340907	0.42251111275540193	0.2253105695962027	0.18285701810061863	0.20710906337724277	0.28688458724054	0.3997957917020454	0.3498000207344409	0.38768381577549965	0.16535721816535193	0.14508925990689872	0.23296493163461207	0.23760718195898234	0.43994891068358527	0.3183162087305218	0.22679515852757168	0.2463832637260873	0.2056562657089224	0.2767023024234986	0.2906044740345839	0.2497551325743561	0.2875387718311868	0.12995147293725234	0.32948730549044597	0.3315607254629908	0.38247186030405783	0.2790567969429134	0.16973707754876136	0.1723395860080174	0.15990185077022812	0.2567833342365133	0.1432442952127062	0.13634935173767723	0.12449005881252263	0.20363385667075098	0.33456824270140584	0.2002672774973587	0.3758055256933673	0.1784887754125122	0.21735690629487478	0.1483516819767025	0.2593286155187082	0.36715479856667566	0.2718032471655392	0.20821280616341328	0.17253336122885668	0.21774686260641282	0.30494101490757597	0.3334951643406361	0.1542745910806131	0.1452165102511858	0.2828196115891512	0.12293940279408695	0.4109014658723081	0.19881859726146164	0.1558793497041771	0.22562300499630686	0.21030505679245062	0.2091435774967648	0.2511067850929917	0.18721781207877192	0.2805209975331789	0.13967596868319515	0.11220161528989392	0.27015236176807306	0.29361660104346143	0.30005701519496847	0.25915978382600696	0.30599692840009474	0.19569762976677932	0.27067733313366776	0.14651715625668474	0.12020080103740478	0.2213006501625515	0.23184893821250857	0.22030876832882684	0.22340809760371422	0.14012566103703503	0.33883792045950295	0.2746741447009598	0.17583001239272336	0.15052247640457828	0.4098958476005818	0.1729303357076904	0.379639513006669	0.41595459389024786
Daewook.20	0.2786447501856442	0.1855802277007459	0.21420677674640287	0.30734128803788346	0.36835491003412146	0.234603959960236	0.28527041418796845	0.24314465454375514	0.21939619628939527	0.4814191017744152	0.23086052441057647	0.2718346818572172	0.0	0.2070152880186464	0.281526674481437	0.19447909326312135	0.24827379101103494	0.25141587657886916	0.347356066506659	0.410524879302451	0.37858117773692945	0.2590921978254515	0.246670925848567	0.43462830692620313	0.2506537444688456	0.20626664944627152	0.3428492416772986	0.22606920258764793	0.4014059901945433	0.24707756969162953	0.2693485638104926	0.30453693570860996	0.3235626484247648	0.17136622160913634	0.3868881421723987	0.25002761472983126	0.18015920472559152	0.26632458194262276	0.13001574076400838	0.29285636167320295	0.23698843853290152	0.36440895984166494	0.237460091494331	0.21705029994296582	0.23519554366604753	0.258230959202333	0.3451503654334161	0.42733657992834045	0.3242016473143582	0.24392433068478517	0.2839620034859124	0.23888256260541293	0.22375635477870415	0.37654204100084454	0.24770088337592755	0.3538236590217864	0.41568136910444586	0.2894905627563615	0.47283469856006377	0.23738649407398163	0.1785057961629242	0.37296333261496556	0.336940481465663	0.3083256239924938	0.49922077826509287	0.1963534972839325	0.3006326917723167	0.24303911086081945	0.21636220730707265	0.2389335772600752	0.29182936879941435	0.39925029585988525	0.28720738016167285	0.1782393631850459	0.3053797568820682	0.3147224102191046	0.2239526429635504	0.35520521599352506	0.36571181384158613	0.3005841702949381	0.2676300581491858	0.41733439117918436	0.24702240473130943	0.30700766479269864	0.32448971773704444	0.5168478304946466	0.3215561112773378	0.4866720110725788	0.22979465525182985	0.27953452608645796	0.18619783889665087	0.26276883979223037	0.23258518022003297	0.42259656631281545	0.23987506352669732	0.38593924141845887	0.20127930887057804	0.31994526118249456	0.33417502360189044	0.40673390316784674	0.3241538763601993	0.3974567795658728	0.4249992243492033
Daewook.21	0.28137820059662666	0.22616287673680505	0.17773871481096293	0.20418923740147035	0.28940826668479314	0.15218328010745721	0.3135281454559541	0.18530566071480542	0.26551787411692757	0.42719183173790254	0.22732573081987661	0.25035896914306716	0.2070152880186464	0.0	0.27351861044173253	0.19297937944222082	0.2707239270126041	0.2493929311496481	0.34022919521505257	0.3519975111864409	0.3762069772499198	0.24264671754679804	0.26326424582995656	0.3847733868548592	0.2197538647572235	0.2817442014214648	0.2892986906115008	0.20665603042529235	0.3432838088252447	0.23294773016299702	0.35781714723172825	0.18111649048804856	0.36106581979131525	0.18372015023212881	0.36992861045026093	0.2415451967383378	0.21216734935644588	0.28825642620247754	0.15188404037963685	0.29678426199130137	0.2697525211929995	0.3583747384240101	0.2939474821436021	0.2120340282313955	0.19784064108560906	0.22978070363818134	0.24394053511074673	0.378039150809982	0.3246591901135308	0.23221311188437196	0.2870564846021738	0.23041029353024653	0.18877382183710428	0.3358523048935619	0.277126573771458	0.35483974879305197	0.39099729358282925	0.26187044251127845	0.429171193246093	0.30539520907278067	0.18500825850980238	0.3759968482281614	0.3343918917226822	0.31298021855498376	0.46096179678494276	0.15465689950115258	0.31119718127018947	0.21160963323507326	0.21927104494242203	0.2339905816116927	0.32656209972712985	0.3750496639260354	0.25948499328221025	0.1714608403649969	0.32193652466322936	0.30861940458856896	0.22084200823705274	0.3704728778797009	0.32494660730945973	0.2749659668983129	0.2752050682486488	0.4265913069415916	0.2788578539783933	0.33095109120233723	0.3455343596242363	0.4724179227589505	0.33211280227592577	0.45478354789988323	0.22135273300164857	0.2842879842218328	0.18608006430451468	0.2736104100814108	0.2392851899386583	0.39716426646270075	0.24408766266834284	0.35120217786223756	0.16650259095453046	0.32216971017550294	0.30944974676078185	0.39677579200885593	0.3331272679047156	0.3540952772588638	0.3884782019665633
Daewook.22	0.18483672857622102	0.25454547169500863	0.3509843450226739	0.37167065123282694	0.21242224423095793	0.2633620912891203	0.2505950742537753	0.16080041112388527	0.28683367899627105	0.4748139424606638	0.43637109854391026	0.13386721508136193	0.281526674481437	0.27351861044173253	0.0	0.21335239110289483	0.146027853908807	0.25630124880975746	0.40429844640877877	0.252635093717507	0.2232465900145967	0.22643464544288064	0.22562308006019213	0.3744390969327608	0.39967557497812156	0.3935005280351134	0.16501883585435256	0.1594610934008219	0.2562335723726388	0.24008389922177872	0.41585728001238764	0.35400579995019155	0.20773401961704063	0.22901141497741706	0.2428453541005063	0.22154297336346163	0.25831640097298314	0.22575012901845276	0.31947273275188176	0.1397844803993505	0.25638256471771353	0.2748207994181073	0.3730582786018177	0.27820724375558703	0.131528192370727	0.17359419498756193	0.2080499465624546	0.2722499762505814	0.1506236755768382	0.1210448594376065	0.10951911353891776	0.16719563240260088	0.3512619034238104	0.23870737475383452	0.36675282121246144	0.17032917726888724	0.2338444942874412	0.15205746669050715	0.28066319263350714	0.30337654916207707	0.2516121021736442	0.20146022415422712	0.19826951657551967	0.1541299879023922	0.3286254413242079	0.37832552610689774	0.1497367869625495	0.1603937620221305	0.30571429833182634	0.15923430882359682	0.40880471933346113	0.23657971357678134	0.1751103622893593	0.2126731681587028	0.18811887755208415	0.13617947543210016	0.21694624864984435	0.16487373159947127	0.2483457880513358	0.13393331763705857	0.13912395334630814	0.26147814170569583	0.2461588551033888	0.23349626341952393	0.2169899946262282	0.31049856691496575	0.1726105161331771	0.3097432859451741	0.132618589448206	0.12805863569332376	0.23002684530420933	0.19662638377862757	0.18833354551132292	0.23273787413761537	0.13079738865882612	0.30920626563017567	0.2722175453625053	0.14146395181574534	0.13896641077143929	0.38182454815735467	0.14958640613324495	0.33697050344799134	0.3837043244350695
Daewook.23	0.21922374218621787	0.2835358783986125	0.2790638240390725	0.3123096592791551	0.2612058853607378	0.1882974111796804	0.30004651365706986	0.12047566883477524	0.296276394158467	0.4660672535402782	0.28376222465854556	0.18391532315395917	0.19447909326312135	0.19297937944222082	0.21335239110289483	0.0	0.18784218357241428	0.19453891782782345	0.27931637986231894	0.3044088243609491	0.2814897663926097	0.15863321880071196	0.2647381635235384	0.37212157675563223	0.3168630459677644	0.24120714873476565	0.26121058180630746	0.17047261253562163	0.2684011534600377	0.2155384037658129	0.3977311832779703	0.3005639572368418	0.2810116738279033	0.1833159319303019	0.3084465686522102	0.22478614776596967	0.18938233456929662	0.22900074308328278	0.2123898492602696	0.23824432983416924	0.31500563348908955	0.32864101135709545	0.23830264462590658	0.26732385371305106	0.16301007817436036	0.20348867057218167	0.22481172594339763	0.3262360637388474	0.26152755507597514	0.17867483422652805	0.22651914578519153	0.1825811250656137	0.22661700464705223	0.2903209680328332	0.30836053142619474	0.29109872215577764	0.33851596829149805	0.20785862427275467	0.376598213833983	0.3221821782541087	0.22613523800765298	0.3142314352510857	0.25242613420384485	0.26274996117036203	0.4012336164929338	0.24218484273037355	0.24147919137316542	0.16448066036121745	0.2612258454901455	0.1596115585970469	0.36270222170415856	0.3205248676087223	0.20479823606338618	0.22428673974851884	0.26228138956828567	0.2600912188605167	0.21272033977075996	0.29679574637531914	0.2953223031845263	0.22182092953506638	0.18935833359770907	0.3658210026813497	0.28807727302436154	0.30381227056464905	0.2852136266498797	0.40919241232480574	0.2640970657200749	0.38117797492625705	0.14394005004902286	0.2273102506396184	0.14120924642803093	0.22614475234044326	0.21870957354614834	0.33715445576560404	0.17394730811704603	0.3487909672704419	0.24807291971975176	0.24302108460171232	0.26462850111647146	0.4107966943896291	0.27256774024073743	0.3784815702001236	0.40382457552189216
Daewook.24	0.2069061201942573	0.29864825923776256	0.3554528777060698	0.39160077274270877	0.2180979588207376	0.26278213198043626	0.282183169331979	0.16377561165156093	0.2814041296134114	0.5032124927353191	0.39177745549641246	0.16044639320709228	0.24827379101103494	0.2707239270126041	0.146027853908807	0.18784218357241428	0.0	0.26253105872988797	0.3830296023373654	0.24193120758478595	0.21726561048904472	0.19617986549866256	0.26426437552294857	0.4111858599397112	0.40407655435519996	0.37322680921297363	0.15114492493473977	0.15920274492513917	0.2659192515200339	0.2632951270129795	0.4077248020611302	0.3595688781352126	0.23052247776543755	0.20732202073458258	0.2360609009128529	0.25932445041439156	0.2650425666940542	0.23020692661111863	0.29448795281667184	0.1567114191976248	0.2911906593390788	0.31395754467320175	0.35145846137200104	0.2938961865616136	0.1604893771372939	0.18758171217714648	0.20929387617484702	0.2945126761262397	0.1561299247121234	0.1346961497143146	0.1198590835212631	0.17552598690028545	0.33589535199868775	0.2158239929368965	0.37724534163225343	0.16889258925892553	0.22457345261921774	0.1593771833139531	0.28841867806006405	0.316785702884258	0.24778463375999096	0.18239005827355495	0.14459125445699275	0.19355081947746494	0.3164911725535423	0.33445278770696596	0.13365232900366736	0.16767875423145467	0.315744533078117	0.13509244227319653	0.41815670190687215	0.24625817752720092	0.1687281734634115	0.24474084932100598	0.21033564631874516	0.1545208566487374	0.20290619440545068	0.20610953014417072	0.28539159919765766	0.16703671787595925	0.11065799426565957	0.24253887797983487	0.24397663674440306	0.300769967694906	0.20631383287546232	0.3266310928435331	0.16687772264170833	0.31046917247364914	0.14413434817301374	0.1325410717977259	0.1983368037656389	0.17689854435698837	0.2109720185923228	0.23321794666565698	0.12259237024518259	0.36075933467840593	0.28156257722127276	0.16433073904049159	0.17181886273059602	0.41546893206011476	0.15992251528221027	0.3901602776088172	0.39491770864752124
Daewook.25	0.21112592660980625	0.2829110959435166	0.2866146328690844	0.3292681937642147	0.3043139364561887	0.19508694505737192	0.2990943633127068	0.190331844095099	0.2984553865211271	0.4638164129086427	0.3621012456902252	0.24495501663340907	0.25141587657886916	0.2493929311496481	0.25630124880975746	0.19453891782782345	0.26253105872988797	0.0	0.3345202377586268	0.38218511227096186	0.3428437503900369	0.2889925197628732	0.2521402361905809	0.3964446309625099	0.2633741606780497	0.28127013003716744	0.3033015905570196	0.21803732875416196	0.29875734717398206	0.1771072723776779	0.38948388762918845	0.30970770636027456	0.329117848770305	0.2147843829433378	0.3745534266612958	0.23406807794680765	0.2874923711276122	0.2390210263633659	0.2812774215182606	0.2797503349972545	0.2866724452997335	0.33921257503128655	0.3028675060602537	0.2655977775509226	0.21772402693183435	0.25456290914362945	0.28794397022999124	0.3068983496767007	0.32375395270616786	0.23832201186336577	0.28071886010017333	0.19848628366609714	0.2893188194928369	0.3535151089605478	0.3332527672938438	0.3486284846907773	0.39709314776653254	0.262205141978725	0.43865562334434977	0.32680181306429645	0.2487676597034372	0.353830038505171	0.3522847800800165	0.29598274674027325	0.45209310389073676	0.3089160863995149	0.28943425394258326	0.21311958789738325	0.23277461443062514	0.2681162267141925	0.3052763129237419	0.37597053674683495	0.26776495146019835	0.2424004362370141	0.3079129807482331	0.27276639194601904	0.23910944553295324	0.33615436424698525	0.3349382932373112	0.25618334148717475	0.27315741986087355	0.4163080080568979	0.2999835848559109	0.3091716603563631	0.31854466047543567	0.4528674453871127	0.29738551614015724	0.4393097196143917	0.20186653739579033	0.2684303315605404	0.2525374947315222	0.23772034000785205	0.24511097201862625	0.39386672761078834	0.24873963863583115	0.37063652724116564	0.2677122652500622	0.2682122803182556	0.30126863262249454	0.4260476536362614	0.3175602407732587	0.3842292984949796	0.4015218299466029
Daewook.26	0.3509396343822111	0.40280312257302275	0.40437498079019824	0.40055191047804245	0.45103199219848317	0.34759055465062605	0.4209689172128192	0.3375607573346673	0.38014853166131346	0.49125373760423735	0.38340647804256167	0.42251111275540193	0.347356066506659	0.34022919521505257	0.40429844640877877	0.27931637986231894	0.3830296023373654	0.3345202377586268	0.0	0.4669193680973289	0.48888271703803216	0.30490484475676927	0.3594651590978868	0.46205872480585825	0.4417913531047001	0.3006521523027531	0.44805312112418216	0.3800862555508528	0.4095746200929751	0.3605964700824676	0.41819144552524	0.4177788042157269	0.46078155709362484	0.27179745082669543	0.48779560163942554	0.31635064633135335	0.2770876578319482	0.32036121375569243	0.35343413623521064	0.42514652271841985	0.40424553889139175	0.4592187838592691	0.2441857482874575	0.4066099121206736	0.34052083298271096	0.4032468653116379	0.41408219612900654	0.45200751153619284	0.4436443640857998	0.3792424266619346	0.41656838689493997	0.3346803437579247	0.286402902757511	0.44714934530205	0.29824293818612285	0.4592141044949988	0.523757919890401	0.39679869112566396	0.5561608866708994	0.39133329469028044	0.3532386278329054	0.49164005719137294	0.43759635776213734	0.41334715741529204	0.5580336933583875	0.35262241824511836	0.43632168726957626	0.36728548068644906	0.2937694360775774	0.3740604663806535	0.43618294282103104	0.48620401971234223	0.38205959540017	0.370925173909595	0.4205637150733357	0.39989557940467935	0.3351528562173799	0.49604151844083966	0.45698297184505954	0.3962875259076297	0.3805432640956142	0.5197979166949905	0.38590789103880035	0.4243740371320874	0.4284172571782739	0.5937098693164212	0.4492032016597153	0.5916422670067613	0.34416296404666413	0.4270907981074851	0.26220941506746714	0.40675846030090534	0.3614079480961471	0.5031168066713958	0.3457459162562126	0.46485321219459846	0.3739145815218867	0.41723941035533774	0.4235903177901329	0.5135221291621326	0.44300674354629843	0.4678198576838646	0.5185908103747012
